Baidu,Google,Google-defended,Telex-google,Telex-google-defended,Telex-youtube,Telex-youtube-defended,Twitter,Umich_EECS,Wikipedia-en,Youtube,Youtube-defended,Answer,Prediction,Result
0.386003,0.428528,0.364357,0.161613,0.153885,0.368053,0.343024,0.265296,0.478181,0.372803,0.609603,0.7941,Youtube-defended,Youtube-defended,CORRECT
0.205293,0.34334,0.157728,0.154969,0.116672,0.31037,0.339421,0.293906,0.349168,0.488323,0.450254,0.62746,Youtube-defended,Youtube-defended,CORRECT
0.465906,0.461402,0.248883,0.169974,0.223892,0.323972,0.438906,0.299201,0.485701,0.451622,0.660088,0.593336,Youtube-defended,Youtube,WRONG
0.460291,0.340999,0.137248,0.161902,0.170103,0.382756,0.622498,0.375628,0.388614,0.42707,0.526389,0.633913,Youtube-defended,Youtube-defended,CORRECT
0.285182,0.252342,0.062053,0.0940451,0.0451136,0.274455,0.293616,0.314137,0.344643,0.280242,0.499065,0.769444,Youtube-defended,Youtube-defended,CORRECT
0.56409,0.268324,0.176611,0.1476,0.139105,0.177943,0.447033,0.27901,0.402608,0.233511,0.400815,0.95618,Youtube-defended,Youtube-defended,CORRECT
0.391434,0.37553,0.178122,0.190685,0.122683,0.26084,0.354799,0.285857,0.347815,0.22036,0.426001,0.778879,Youtube-defended,Youtube-defended,CORRECT
0.304187,0.838956,0.216223,0.167002,0.180687,0.442244,0.436003,0.341982,0.317495,0.590244,0.526963,0.876731,Youtube-defended,Youtube-defended,CORRECT
0.471018,0.417268,0.0718799,0.18686,0.171086,0.301476,0.359236,0.364244,0.232229,0.422474,0.593337,0.672622,Youtube-defended,Youtube-defended,CORRECT
0.309834,0.267056,0.0823517,0.245756,0.134941,0.456546,0.521229,0.416091,0.31923,0.34534,0.632009,0.734675,Youtube-defended,Youtube-defended,CORRECT
0.326364,0.298233,0.133058,0.102063,0.0903097,0.369123,0.368231,0.303128,0.522082,0.256681,0.511906,0.616804,Youtube-defended,Youtube-defended,CORRECT
0.633394,0.415991,0.0199683,0.0694532,0.0767206,0.378233,0.435346,0.485538,0.323421,0.175603,0.404741,0.890156,Youtube-defended,Youtube-defended,CORRECT
0.430562,0.365951,0.253126,0.25734,0.187058,0.430608,0.423806,0.35133,0.299645,0.26594,0.54256,0.63558,Youtube-defended,Youtube-defended,CORRECT
0.337643,0.267543,0.0638585,0.350739,0.226925,0.342947,0.521792,0.443043,0.241133,0.213666,0.687348,0.661198,Youtube-defended,Youtube,WRONG
0.332847,0.371054,0.0807444,0.0312963,0.058173,0.387512,0.35618,0.324853,0.328046,0.237541,0.448716,0.808886,Youtube-defended,Youtube-defended,CORRECT
0.489209,0.4436,0.0961278,0.173286,0.341433,0.321343,0.546772,0.433944,0.409945,0.509263,0.569529,0.743275,Youtube-defended,Youtube-defended,CORRECT
0.340811,0.453898,0.374142,0.11502,0.154393,0.322505,0.337169,0.259705,0.396582,0.328771,0.626095,0.749469,Youtube-defended,Youtube-defended,CORRECT
0.509231,0.257813,0.136167,0.176202,0.353923,0.502784,0.479007,0.554438,0.221206,0.423162,0.719447,0.579189,Youtube-defended,Youtube,WRONG
0.308104,0.417724,0.179957,0.104775,0.0958866,0.337592,0.340519,0.229156,0.327483,0.409807,0.438627,0.583771,Youtube-defended,Youtube-defended,CORRECT
0.369711,0.188179,0.254491,0.0957311,0.17787,0.447903,0.421925,0.357206,0.381966,0.172685,0.664353,0.647252,Youtube-defended,Youtube,WRONG
0.527528,0.25106,0.120726,0.270554,0.2414,0.362898,0.458898,0.510777,0.235668,0.613439,0.573105,0.624003,Youtube-defended,Youtube-defended,CORRECT
0.445572,0.33852,0.0858732,0.106709,0.137182,0.339598,0.272354,0.261438,0.241737,0.217595,0.498911,0.473462,Youtube-defended,Youtube,WRONG
0.364803,0.26765,0.180079,0.212534,0.093964,0.380808,0.463575,0.415529,0.237527,0.260969,0.591663,0.589122,Youtube-defended,Youtube,WRONG
0.399617,0.294721,0.093028,0.119768,0.214033,0.217307,0.261603,0.400889,0.379955,0.438408,0.316042,0.626637,Youtube-defended,Youtube-defended,CORRECT
0.129291,0.180619,0.15852,0.202212,0.442478,0.185451,0.277947,0.20733,0.29846,0.263728,0.622958,0.386136,Telex-google-defended,Youtube,WRONG
0.303869,0.360959,0.264792,0.131821,0.202857,0.320947,0.381815,0.478782,0.399116,0.362204,0.607264,0.689102,Youtube-defended,Youtube-defended,CORRECT
0.301098,0.500567,0.253328,0.164954,0.216992,0.363661,0.335143,0.28063,0.450142,0.510627,0.540628,0.821449,Youtube-defended,Youtube-defended,CORRECT
0.578893,0.54418,0.442625,0.352276,0.268184,0.425558,0.501753,0.536011,0.464057,0.6086,0.623541,0.916686,Youtube-defended,Youtube-defended,CORRECT
0.322207,0.48669,0.214081,0.108124,0.128989,0.296132,0.422121,0.273611,0.307651,0.23798,0.445484,0.928935,Youtube-defended,Youtube-defended,CORRECT
Accuracy: 75.8621%
